1.000000000000000056e-01 5.503999999999999559e+00 4.999839997439918249e-01
1.947368421052631526e-01 7.307999999999999829e+00 4.910560049525918846e-01
2.894736842105263275e-01 8.811999999999999389e+00 5.697859247120800052e-01
3.842105263157894468e-01 1.033200000000000074e+01 7.223406398646001758e-01
4.789473684210525661e-01 1.168999999999999950e+01 8.306021911842034200e-01
5.736842105263156855e-01 1.292399999999999949e+01 9.727404587041705852e-01
6.684210526315789158e-01 1.394200000000000017e+01 1.202761821808457698e+00
7.631578947368420351e-01 1.493399999999999928e+01 1.380450651055661782e+00
8.578947368421051545e-01 1.577200000000000024e+01 1.831943230561471347e+00
9.526315789473682738e-01 1.625199999999999889e+01 1.986075527264761442e+00
1.047368421052631504e+00 1.521199999999999974e+01 2.008744881760748058e+00
1.142105263157894735e+00 1.465199999999999925e+01 2.228653405085680994e+00
1.236842105263157965e+00 1.351800000000000068e+01 2.468537218678300782e+00
1.331578947368420973e+00 1.272799999999999976e+01 2.570217111451870817e+00
1.426315789473684204e+00 1.182600000000000051e+01 2.673522769680482636e+00
1.521052631578947212e+00 1.117600000000000016e+01 2.965303357162636377e+00
1.615789473684210442e+00 1.009999999999999964e+01 3.085125605222581502e+00
1.710526315789473673e+00 9.198000000000000398e+00 3.091083305250765800e+00
1.805263157894736681e+00 8.362000000000000099e+00 3.128411098305336147e+00
1.899999999999999911e+00 8.077999999999999403e+00 2.846737782093742286e+00
