1.000000000000000056e-01 -6.230181800635905542e-01 3.756461277420552330e-02
1.947368421052631526e-01 -5.253591371244188402e-01 4.571537225782217745e-02
2.894736842105263275e-01 -4.349458653630164373e-01 5.422898062991722556e-02
3.842105263157894468e-01 -3.502342471660533918e-01 6.172800416162464027e-02
4.789473684210525661e-01 -2.702880568542184170e-01 6.801131234906399037e-02
5.736842105263156855e-01 -1.943388071199328992e-01 7.297468149077358801e-02
6.684210526315789158e-01 -1.218948381519365104e-01 7.639898805518040292e-02
7.631578947368420351e-01 -5.231523109958500367e-02 7.805483763213767745e-02
8.578947368421051545e-01 1.443221250831884690e-02 7.759190350818143123e-02
9.526315789473682738e-01 7.727172361193936079e-02 7.370126144095669185e-02
1.047368421052631504e+00 1.002842728434964054e-01 7.604144555141868767e-02
1.142105263157894735e+00 1.000699583054335262e-01 7.876676356250479627e-02
1.236842105263157965e+00 1.058060687281835582e-01 7.498934847907846868e-02
1.331578947368420973e+00 1.115384106415354404e-01 7.254370066061739675e-02
1.426315789473684204e+00 1.141569264239090664e-01 7.106493575671656016e-02
1.521052631578947212e+00 1.150075661843214386e-01 6.802211802539454011e-02
1.615789473684210442e+00 1.181668015868764382e-01 6.953280869132505426e-02
1.710526315789473673e+00 1.158073913009410733e-01 6.358450485032038357e-02
1.805263157894736681e+00 1.148198061829664579e-01 6.562067351053335607e-02
1.899999999999999911e+00 1.157203656980005796e-01 7.006064293534106091e-02
