1.000000000000000021e-02 -3.021481763334299964e-01 1.420258509174082001e-02
3.052631578947368612e-02 -2.804468771426950058e-01 3.566140509620105425e-02
5.105263157894737031e-02 -2.261493631388673820e-01 6.070944816524623255e-02
7.157894736842104755e-02 -1.189274197922540327e-01 8.571034954260889349e-02
9.210526315789473173e-02 2.929102742023073983e-02 1.111275269105111846e-01
1.126315789473684159e-01 1.875219149259435836e-01 1.309242786438497008e-01
1.331578947368421140e-01 3.377301215667554701e-01 1.433209707872505900e-01
1.536842105263158120e-01 4.739296836215007303e-01 1.500574349252957185e-01
1.742105263157894823e-01 5.956238365339759921e-01 1.530312280385854595e-01
1.947368421052631526e-01 7.041629320711392248e-01 1.535918835972200636e-01
2.152631578947368507e-01 8.012618385638113905e-01 1.526159877350153071e-01
2.357894736842105488e-01 8.885190209907737335e-01 1.506733162230521617e-01
2.563157894736842191e-01 9.673797698381997323e-01 1.481121198776861603e-01
2.768421052631578894e-01 1.039020074921492842e+00 1.451921556919724687e-01
2.973684210526316152e-01 1.104428489388637358e+00 1.420484619766263223e-01
3.178947368421052855e-01 1.164437349848366443e+00 1.388083019690359299e-01
3.384210526315789558e-01 1.219720090062344831e+00 1.355262913603362818e-01
3.589473684210526261e-01 1.270851530490387571e+00 1.322620544236413898e-01
3.794736842105262964e-01 1.318309579134592902e+00 1.290494609422343231e-01
4.000000000000000222e-01 1.362509274203567156e+00 1.259083335414419857e-01
