1.000000000000000056e-01 8.230652664848194799e-01 2.016136245979727876e-02
1.947368421052631526e-01 8.122633667564765902e-01 2.091572312470488942e-02
2.894736842105263275e-01 8.011902774931261018e-01 2.635792777182004512e-02
3.842105263157894468e-01 5.855165572111922234e-01 1.151878328195399953e-01
4.789473684210525661e-01 4.675519712709257925e-01 8.645030801368437656e-02
5.736842105263156855e-01 4.203587444039846299e-01 3.545284035170736398e-02
6.684210526315789158e-01 3.961634733120604213e-01 4.527336034448964375e-02
7.631578947368420351e-01 3.738535641621251182e-01 2.960840338355157086e-02
8.578947368421051545e-01 3.531133779353971547e-01 2.841433173294438327e-02
9.526315789473682738e-01 3.559504438937564075e-01 4.475914318559672672e-02
1.047368421052631504e+00 3.648463603663117949e-01 2.841964947629239610e-02
1.142105263157894735e+00 3.812828227409910675e-01 4.612649145523085858e-02
1.236842105263157965e+00 3.765494764808153816e-01 3.401592733161760973e-02
1.331578947368420973e+00 3.902686618914269490e-01 3.863292613738646825e-02
1.426315789473684204e+00 4.174893601093008777e-01 6.507823776810006677e-02
1.521052631578947212e+00 4.487204999764061730e-01 7.782175709628376403e-02
1.615789473684210442e+00 4.906646228858019265e-01 1.171720855176434650e-01
1.710526315789473673e+00 5.414712279995500532e-01 1.523108118209589856e-01
1.805263157894736681e+00 6.089149718683944945e-01 3.713540775175943609e-01
1.899999999999999911e+00 6.893297581170647614e-01 4.211235344285207960e-01
