6.800000000000000000e+01 3.875318420129533203e-01 8.276007274227540345e-01
6.500000000000000000e+01 3.494124958919250235e-01 2.645459313751146249e-02
6.400000000000000000e+01 3.532054179010003514e-01 3.413429457937569578e-02
6.300000000000000000e+01 3.504011380663368258e-01 2.613721424909406024e-02
6.200000000000000000e+01 3.556550435176492053e-01 3.343308894667225417e-02
6.100000000000000000e+01 3.532736733760409864e-01 3.087134789558240375e-02
5.900000000000000000e+01 3.540462781816909876e-01 2.894010315849215517e-02
5.600000000000000000e+01 3.568063084196309576e-01 3.050669145888248654e-02
5.500000000000000000e+01 3.805136234710716492e-01 5.228351670976294496e-01
5.400000000000000000e+01 3.586120234532303441e-01 3.000000942194266593e-02
5.300000000000000000e+01 3.583222842906493288e-01 2.954168775124084781e-02
5.100000000000000000e+01 3.570898163849396956e-01 2.680062820069166810e-02
5.000000000000000000e+01 3.574714302060162940e-01 2.702242968778516621e-02
4.900000000000000000e+01 3.597335678424973815e-01 2.954903432541451658e-02
4.200000000000000000e+01 3.651442988492429875e-01 2.738167921240196312e-02
4.000000000000000000e+01 3.706406175973116501e-01 3.398668366051253026e-02
3.900000000000000000e+01 3.709147135872124523e-01 3.115826838664055229e-02
3.700000000000000000e+01 3.745669766092493691e-01 3.851586025322360773e-02
3.600000000000000000e+01 3.721282894692004573e-01 3.045082544286683776e-02
3.400000000000000000e+01 3.798573453368797037e-01 3.393237240431837276e-02
3.300000000000000000e+01 3.868294839245104422e-01 4.065284694191814707e-02
3.100000000000000000e+01 3.921548257996238518e-01 4.569407437214060425e-02
2.700000000000000000e+01 4.198319255460834509e-01 6.311123772182278269e-02
2.500000000000000000e+01 4.270455830888299498e-01 6.659304211468886070e-02
2.400000000000000000e+01 4.370098230109736304e-01 7.287230679621080343e-02
2.200000000000000000e+01 4.636260779545137711e-01 8.620821269719446123e-02
2.000000000000000000e+01 4.859215666768105790e-01 8.476238636759973744e-02
1.900000000000000000e+01 4.921215535493717042e-01 8.561327333810350715e-02
1.500000000000000000e+01 5.767595920884850402e-01 1.042219075237150044e-01
1.400000000000000000e+01 5.743193280842133763e-01 9.701370615504298356e-02
1.200000000000000000e+01 6.186790260849029943e-01 1.065586733363772520e-01
1.000000000000000000e+01 6.682581124290720709e-01 1.028037401589863981e-01
6.000000000000000000e+00 7.557579936445646407e-01 9.513682797202341335e-02
4.000000000000000000e+00 8.058983033931252926e-01 1.190289146841542467e-01
2.000000000000000000e+00 8.706129211966117110e-01 1.327531026785767621e-01
